0
0
0
0
4589
6114
6625
14561
15706
25169
30536
38822
49143
54808
73221
83576
103979
124718
139020
158513
187389
205407
236142
263700
299072
325329
371576
402067
466814
506346
544153
566894
613204
714610
734605
758323
839009
928611
940304
1041959
1053540
1077890
1133772
1193202
1262663
1333085
1460265
1477814
1520888
1582250
1668381
1731730
1786539
1865801
1974928
2049685
2116848
2219915
2299105
2364493
2412999
2574855
2581618
2671912
2835515
2873625
3101242
3098916
3157713
3326175
3443188
3565033
3539539
3676676
3793463
3916863
3964363
4065814
4151482
4344191
4409830
4425073
4648149
4750407
4983639
5005133
5122904
5195480
5462275
5577849
5604881
5774870
5903001
5878735
6005912
6124292
6402452
6415517
6526200
6675549
