0
0
0
3301
2818
7081
13758
25460
26382
35401
42262
48338
61420
75743
83694
97643
104448
117846
131540
137327
143761
163750
196336
225229
257569
250391
267633
283215
316169
325398
349253
363949
399111
431800
443356
464476
498199
548821
545541
593612
620517
650458
698471
754562
783435
821062
839337
884304
941621
980253
1075663
1033877
1077478
1141965
1194425
1216656
1278097
1311606
1366439
1372059
1465659
1505254
1616478
1602194
1645564
1699112
1732505
1774200
1813577
1883380
1986650
1994177
2065980
2115940
2184506
2204166
2309926
2492224
2539793
2579787
2554770
2557701
2625621
3086513
2850526
2833040
3030050
3021565
3061254
3042805
3417344
3217539
3368983
3365136
3436940
3568705
3619769
3607805
3722925
3825871
