0
15645
0
6976
17910
24694
41059
61370
71549
96282
124566
152698
180408
222723
270461
312330
360806
416651
472435
527419
597183
666612
750008
812877
888619
980716
1075083
1208239
1367837
1360358
1478919
1582828
1667184
1802932
1908171
2036049
2211446
2300518
2419729
2630647
2731696
2920147
3119741
3215300
3409165
3514036
3739201
3859899
4085521
4276059
4506782
4488535
4678338
4930491
5066575
5287408
5506414
5636816
5999062
6119298
6251568
6574235
6687938
6943126
7153219
7438405
7628281
7863404
8093352
8450857
8597429
8914733
9156762
9489758
9855446
10342637
10329172
10475850
10791370
11149846
11386457
11592621
11934890
12403955
12501960
12906028
13583679
14045757
13976040
14292788
14858971
15006767
15731725
15599892
15764099
17240926
16665568
16952879
18158454
18465182
