0
0
9404
9063
13030
25473
35041
55419
63211
82241
103900
118320
138335
166802
188236
214099
234123
270790
310648
354469
381486
422530
474693
506718
555491
663994
649223
696063
722048
789820
861040
909229
965741
1037451
1084532
1162778
1227577
1298530
1369815
1438788
1587181
1615909
1835092
1965970
1895586
2009746
2090480
2106834
2207079
2289997
2551063
2510508
2646945
2718308
2818274
2925914
3083828
3144450
3260287
3356893
3545684
3591009
3720935
3824921
4046479
4090657
4207183
4340951
4631685
4630618
4765291
4933546
5016126
5164861
5441284
5621845
6025636
6013742
6252877
6149061
6408428
6545864
6611511
6678855
6784336
7004534
7206471
7313728
7536055
7628823
7891390
8058038
8340106
8544365
8719110
9128374
9283575
9333721
9800338
9794664
